67 28 39.333333333333336
114 24 42.343333333333334
304 33 93.84666666666666 
304 27 117.21 
304 26 135.93833333333333 
304 26 148.53333333333333 
256 23 39.663333333333334 
304 33 65.53166666666667 
351 29 88.84333333333333 
351 33 121.68 
494 32 43.593333333333334 
66 45 45.14 
62 55 56.23833333333334 
257 40 47.02 
55 48 49.73 
304 39 102.57833333333333 
55 47 49.571666666666665 
51 45 46.78333333333333 
305 37 109.96166666666667 
304 47 66.63833333333334 
351 46 82.9 
61 51 54.93833333333333 
256 49 52.153333333333336 
63 55 57.958333333333336 
304 43 85.82833333333333 
53 48 52.925 
42 39 41.96666666666667 
351 42 89.49833333333333 
59 54 58.99166666666667 
304 37 89.45 
52 47 51.983333333333334 
45 42 44.995 
127 37 121.12666666666667 
257 52 92.65166666666667 
61 61 61.0 
